5a 11 01 00 d2 00 00 01 00 00 00 00 00 00 00 00 00 00 00 18 
5a 11 02 00 fe 00 00 01 00 00 00 00 00 00 00 00 00 00 00 a1 
5a 11 03 01 13 00 00 01 00 00 00 00 00 00 00 00 00 00 00 31 
5a 11 04 01 95 00 00 01 00 00 00 00 00 00 00 00 00 00 00 ad 
5a 11 05 01 c2 00 00 01 00 02 73 00 00 00 00 00 00 00 00 8a 
5a 11 06 01 f9 00 00 01 00 00 00 00 00 00 00 00 00 00 00 99 
5a 11 07 02 30 00 00 01 00 00 00 00 00 00 00 00 00 00 00 15 
5a 11 08 02 58 00 00 01 00 00 00 00 00 00 00 00 00 00 00 bd 
5a 11 09 02 85 00 00 01 00 02 69 00 00 00 00 00 00 00 00 f3 
5a 11 0a 02 a8 00 00 01 00 03 5d 00 00 00 00 00 00 00 00 fc 
5a 11 0b 02 ee 00 00 01 00 0d 38 00 00 00 00 00 00 00 00 75 
5a 11 0c 03 20 00 00 01 00 09 c4 00 00 00 00 00 00 00 00 f8 
5a 11 0d 03 52 00 00 01 00 00 fa 00 00 00 00 00 00 00 00 c2 
5a 11 0e 03 8e 00 00 01 00 06 40 00 00 00 00 00 00 00 00 a2 
5a 11 0f 03 a2 00 00 01 00 0d 94 00 00 00 00 00 00 00 00 be 
5a 11 10 03 ca 00 00 01 00 0d 0c 00 00 00 00 00 00 00 00 86 
5a 11 11 04 2e 00 00 01 00 3d 75 00 00 00 00 00 00 00 00 87 
5a 11 12 04 b0 00 00 01 00 23 30 00 00 00 00 00 00 00 00 dd 
5a 11 13 05 14 00 00 01 00 31 b0 00 00 00 00 00 00 00 00 be 
