5a 11 01 00 d2 00 00 01 00 00 00 00 00 00 00 00 00 00 00 18 
5a 11 02 00 fe 00 00 01 00 00 00 00 00 00 00 00 00 00 00 a1 
5a 11 03 01 13 00 00 01 00 00 00 00 00 00 00 00 00 00 00 31 
5a 11 04 01 95 00 00 01 00 00 00 00 00 00 00 00 00 00 00 ad 
5a 11 05 01 c2 00 00 01 00 01 9e 00 00 00 00 00 00 00 00 4a 
5a 11 06 01 f9 00 00 01 00 00 00 00 00 00 00 00 00 00 00 99 
5a 11 07 02 30 00 00 01 00 00 00 00 00 00 00 00 00 00 00 15 
5a 11 08 02 58 00 00 01 00 00 00 00 00 00 00 00 00 00 00 bd 
5a 11 09 02 85 00 00 01 00 01 05 00 00 00 00 00 00 00 00 7e 
5a 11 0a 02 a8 00 00 01 00 01 a1 00 00 00 00 00 00 00 00 a8 
5a 11 0b 02 ee 00 00 01 00 0a f4 00 00 00 00 00 00 00 00 66 
5a 11 0c 03 20 00 00 01 00 08 d8 00 00 00 00 00 00 00 00 37 
5a 11 0d 03 52 00 00 01 00 00 d2 00 00 00 00 00 00 00 00 0e 
5a 11 0e 03 8e 00 00 01 00 05 de 00 00 00 00 00 00 00 00 7b 
5a 11 0f 03 a2 00 00 01 00 0c bc 00 00 00 00 00 00 00 00 1a 
5a 11 10 03 ca 00 00 01 00 0b eb 00 00 00 00 00 00 00 00 ba 
5a 11 11 04 2e 00 00 01 00 2c b1 00 00 00 00 00 00 00 00 b0 
5a 11 12 04 b0 00 00 01 00 19 80 00 00 00 00 00 00 00 00 49 
5a 11 13 05 14 00 00 01 00 24 fd 00 00 00 00 00 00 00 00 a2 
