5a 11 01 00 d2 00 00 01 00 00 00 00 00 00 00 00 00 00 00 18 
5a 11 02 00 fe 00 00 01 00 00 00 00 00 00 00 00 00 00 00 a1 
5a 11 03 01 13 00 00 01 00 00 00 00 00 00 00 00 00 00 00 31 
5a 11 04 01 95 00 00 01 00 00 00 00 00 00 00 00 00 00 00 ad 
5a 11 05 01 c2 00 00 01 00 01 5c 00 00 00 00 00 00 00 00 96 
5a 11 06 01 f9 00 00 01 00 00 00 00 00 00 00 00 00 00 00 99 
5a 11 07 02 30 00 00 01 00 00 00 00 00 00 00 00 00 00 00 15 
5a 11 08 02 58 00 00 01 00 00 00 00 00 00 00 00 00 00 00 bd 
5a 11 09 02 85 00 00 01 00 00 be 00 00 00 00 00 00 00 00 e0 
5a 11 0a 02 a8 00 00 01 00 01 30 00 00 00 00 00 00 00 00 60 
5a 11 0b 02 ee 00 00 01 00 08 ed 00 00 00 00 00 00 00 00 8b 
5a 11 0c 03 20 00 00 01 00 07 28 00 00 00 00 00 00 00 00 c7 
5a 11 0d 03 52 00 00 01 00 00 64 00 00 00 00 00 00 00 00 a3 
5a 11 0e 03 8e 00 00 01 00 04 98 00 00 00 00 00 00 00 00 18 
5a 11 0f 03 a2 00 00 01 00 0a bc 00 00 00 00 00 00 00 00 6d 
5a 11 10 03 ca 00 00 01 00 0a 49 00 00 00 00 00 00 00 00 19 
5a 11 11 04 2e 00 00 01 00 2b 0c 00 00 00 00 00 00 00 00 48 
5a 11 12 04 b0 00 00 01 00 19 f2 00 00 00 00 00 00 00 00 29 
5a 11 13 05 14 00 00 01 00 25 0a 00 00 00 00 00 00 00 00 04 
