5a 11 01 00 d2 00 00 01 00 00 00 00 00 00 00 00 00 00 00 18 
5a 11 02 00 fe 00 00 01 00 00 00 00 00 00 00 00 00 00 00 a1 
5a 11 03 01 13 00 00 01 00 00 00 00 00 00 00 00 00 00 00 31 
5a 11 04 01 95 00 00 01 00 00 00 00 00 00 00 00 00 00 00 ad 
5a 11 05 01 c2 00 00 01 00 01 13 00 00 00 00 00 00 00 00 25 
5a 11 06 01 f9 00 00 01 00 00 00 00 00 00 00 00 00 00 00 99 
5a 11 07 02 30 00 00 01 00 00 00 00 00 00 00 00 00 00 00 15 
5a 11 08 02 58 00 00 01 00 00 00 00 00 00 00 00 00 00 00 bd 
5a 11 09 02 85 00 00 01 00 00 a2 00 00 00 00 00 00 00 00 47 
5a 11 0a 02 a8 00 00 01 00 01 08 00 00 00 00 00 00 00 00 29 
5a 11 0b 02 ee 00 00 01 00 08 77 00 00 00 00 00 00 00 00 09 
5a 11 0c 03 20 00 00 01 00 07 01 00 00 00 00 00 00 00 00 72 
5a 11 0d 03 52 00 00 01 00 00 62 00 00 00 00 00 00 00 00 b2 
5a 11 0e 03 8e 00 00 01 00 04 8d 00 00 00 00 00 00 00 00 07 
5a 11 0f 03 a2 00 00 01 00 0a d4 00 00 00 00 00 00 00 00 bb 
5a 11 10 03 ca 00 00 01 00 0a 44 00 00 00 00 00 00 00 00 42 
5a 11 11 04 2e 00 00 01 00 26 e7 00 00 00 00 00 00 00 00 a7 
5a 11 12 04 b0 00 00 01 00 17 ed 00 00 00 00 00 00 00 00 3b 
5a 11 13 05 14 00 00 01 00 25 e4 00 00 00 00 00 00 00 00 f7 
