5a 11 01 00 d2 00 00 01 00 00 00 00 00 00 00 00 00 00 00 18 
5a 11 02 00 fe 00 00 01 00 00 00 00 00 00 00 00 00 00 00 a1 
5a 11 03 01 13 00 00 01 00 00 00 00 00 00 00 00 00 00 00 31 
5a 11 04 01 95 00 00 01 00 00 00 00 00 00 00 00 00 00 00 ad 
5a 11 05 01 c2 00 00 01 00 01 9f 00 00 00 00 00 00 00 00 33 
5a 11 06 01 f9 00 00 01 00 00 00 00 00 00 00 00 00 00 00 99 
5a 11 07 02 30 00 00 01 00 00 00 00 00 00 00 00 00 00 00 15 
5a 11 08 02 58 00 00 01 00 00 00 00 00 00 00 00 00 00 00 bd 
5a 11 09 02 85 00 00 01 00 00 e9 00 00 00 00 00 00 00 00 17 
5a 11 0a 02 a8 00 00 01 00 01 55 00 00 00 00 00 00 00 00 ed 
5a 11 0b 02 ee 00 00 01 00 09 fe 00 00 00 00 00 00 00 00 ed 
5a 11 0c 03 20 00 00 01 00 08 ac 00 00 00 00 00 00 00 00 46 
5a 11 0d 03 52 00 00 01 00 00 e3 00 00 00 00 00 00 00 00 ff 
5a 11 0e 03 8e 00 00 01 00 06 1b 00 00 00 00 00 00 00 00 77 
5a 11 0f 03 a2 00 00 01 00 0d 48 00 00 00 00 00 00 00 00 37 
5a 11 10 03 ca 00 00 01 00 0c a3 00 00 00 00 00 00 00 00 7e 
5a 11 11 04 2e 00 00 01 00 36 d7 00 00 00 00 00 00 00 00 bd 
5a 11 12 04 b0 00 00 01 00 1c 30 00 00 00 00 00 00 00 00 3a 
5a 11 13 05 14 00 00 01 00 2b d6 00 00 00 00 00 00 00 00 b3 
