5a 11 01 00 d2 00 00 01 00 00 00 00 00 00 00 00 00 00 00 18 
5a 11 02 00 fe 00 00 01 00 00 00 00 00 00 00 00 00 00 00 a1 
5a 11 03 01 13 00 00 01 00 00 00 00 00 00 00 00 00 00 00 31 
5a 11 04 01 95 00 00 01 00 00 00 00 00 00 00 00 00 00 00 ad 
5a 11 05 01 c2 00 00 01 00 01 85 00 00 00 00 00 00 00 00 85 
5a 11 06 01 f9 00 00 01 00 00 00 00 00 00 00 00 00 00 00 99 
5a 11 07 02 30 00 00 01 00 00 00 00 00 00 00 00 00 00 00 15 
5a 11 08 02 58 00 00 01 00 00 00 00 00 00 00 00 00 00 00 bd 
5a 11 09 02 85 00 00 01 00 00 7c 00 00 00 00 00 00 00 00 3c 
5a 11 0a 02 a8 00 00 01 00 00 a2 00 00 00 00 00 00 00 00 4b 
5a 11 0b 02 ee 00 00 01 00 07 42 00 00 00 00 00 00 00 00 4d 
5a 11 0c 03 20 00 00 01 00 06 35 00 00 00 00 00 00 00 00 71 
5a 11 0d 03 52 00 00 01 00 00 36 00 00 00 00 00 00 00 00 ce 
5a 11 0e 03 8e 00 00 01 00 04 8c 00 00 00 00 00 00 00 00 7e 
5a 11 0f 03 a2 00 00 01 00 0b 5d 00 00 00 00 00 00 00 00 5f 
5a 11 10 03 ca 00 00 01 00 0a c0 00 00 00 00 00 00 00 00 95 
5a 11 11 04 2e 00 00 01 00 32 53 00 00 00 00 00 00 00 00 cd 
5a 11 12 04 b0 00 00 01 00 19 c4 00 00 00 00 00 00 00 00 b0 
5a 11 13 05 14 00 00 01 00 2b a3 00 00 00 00 00 00 00 00 bb 
