5a 11 01 00 d2 00 00 01 00 00 00 00 00 00 00 00 00 00 00 18 
5a 11 02 00 fe 00 00 01 00 00 00 00 00 00 00 00 00 00 00 a1 
5a 11 03 01 13 00 00 01 00 00 00 00 00 00 00 00 00 00 00 31 
5a 11 04 01 95 00 00 01 00 00 00 00 00 00 00 00 00 00 00 ad 
5a 11 05 01 c2 00 00 01 00 01 74 00 00 00 00 00 00 00 00 5a 
5a 11 06 01 f9 00 00 01 00 00 00 00 00 00 00 00 00 00 00 99 
5a 11 07 02 30 00 00 01 00 00 00 00 00 00 00 00 00 00 00 15 
5a 11 08 02 58 00 00 01 00 00 00 00 00 00 00 00 00 00 00 bd 
5a 11 09 02 85 00 00 01 00 00 b8 00 00 00 00 00 00 00 00 f1 
5a 11 0a 02 a8 00 00 01 00 01 4c 00 00 00 00 00 00 00 00 d0 
5a 11 0b 02 ee 00 00 01 00 09 d0 00 00 00 00 00 00 00 00 30 
5a 11 0c 03 20 00 00 01 00 08 6f 00 00 00 00 00 00 00 00 e3 
5a 11 0d 03 52 00 00 01 00 00 ca 00 00 00 00 00 00 00 00 4a 
5a 11 0e 03 8e 00 00 01 00 05 c6 00 00 00 00 00 00 00 00 3f 
5a 11 0f 03 a2 00 00 01 00 0c d3 00 00 00 00 00 00 00 00 a4 
5a 11 10 03 ca 00 00 01 00 0c 3f 00 00 00 00 00 00 00 00 ed 
5a 11 11 04 2e 00 00 01 00 37 32 00 00 00 00 00 00 00 00 6c 
5a 11 12 04 b0 00 00 01 00 1c 6f 00 00 00 00 00 00 00 00 0c 
5a 11 13 05 14 00 00 01 00 2e 61 00 00 00 00 00 00 00 00 a8 
