5a 11 01 00 d2 00 00 01 00 00 00 00 00 00 00 00 00 00 00 18 
5a 11 02 00 fe 00 00 01 00 00 00 00 00 00 00 00 00 00 00 a1 
5a 11 03 01 13 00 00 01 00 00 00 00 00 00 00 00 00 00 00 31 
5a 11 04 01 95 00 00 01 00 00 00 00 00 00 00 00 00 00 00 ad 
5a 11 05 01 c2 00 00 01 00 01 9c 00 00 00 00 00 00 00 00 b8 
5a 11 06 01 f9 00 00 01 00 00 00 00 00 00 00 00 00 00 00 99 
5a 11 07 02 30 00 00 01 00 00 00 00 00 00 00 00 00 00 00 15 
5a 11 08 02 58 00 00 01 00 00 00 00 00 00 00 00 00 00 00 bd 
5a 11 09 02 85 00 00 01 00 01 0f 00 00 00 00 00 00 00 00 4d 
5a 11 0a 02 a8 00 00 01 00 01 b3 00 00 00 00 00 00 00 00 df 
5a 11 0b 02 ee 00 00 01 00 0b 0f 00 00 00 00 00 00 00 00 e2 
5a 11 0c 03 20 00 00 01 00 09 76 00 00 00 00 00 00 00 00 b6 
5a 11 0d 03 52 00 00 01 00 01 11 00 00 00 00 00 00 00 00 c3 
5a 11 0e 03 8e 00 00 01 00 06 74 00 00 00 00 00 00 00 00 c9 
5a 11 0f 03 a2 00 00 01 00 0d e9 00 00 00 00 00 00 00 00 77 
5a 11 10 03 ca 00 00 01 00 0d 30 00 00 00 00 00 00 00 00 2c 
5a 11 11 04 2e 00 00 01 00 38 44 00 00 00 00 00 00 00 00 b9 
5a 11 12 04 b0 00 00 01 00 1c f8 00 00 00 00 00 00 00 00 d5 
5a 11 13 05 14 00 00 01 00 2f 23 00 00 00 00 00 00 00 00 28 
