5a 11 01 00 d2 00 00 01 00 00 00 00 00 00 00 00 00 00 00 18 
5a 11 02 00 fe 00 00 01 00 00 00 00 00 00 00 00 00 00 00 a1 
5a 11 03 01 13 00 00 01 00 00 00 00 00 00 00 00 00 00 00 31 
5a 11 04 01 95 00 00 01 00 00 00 00 00 00 00 00 00 00 00 ad 
5a 11 05 01 c2 00 00 01 00 01 84 00 00 00 00 00 00 00 00 fc 
5a 11 06 01 f9 00 00 01 00 00 00 00 00 00 00 00 00 00 00 99 
5a 11 07 02 30 00 00 01 00 00 00 00 00 00 00 00 00 00 00 15 
5a 11 08 02 58 00 00 01 00 00 00 00 00 00 00 00 00 00 00 bd 
5a 11 09 02 85 00 00 01 00 00 f5 00 00 00 00 00 00 00 00 b0 
5a 11 0a 02 a8 00 00 01 00 01 84 00 00 00 00 00 00 00 00 3f 
5a 11 0b 02 ee 00 00 01 00 0a 52 00 00 00 00 00 00 00 00 4e 
5a 11 0c 03 20 00 00 01 00 08 64 00 00 00 00 00 00 00 00 a9 
5a 11 0d 03 52 00 00 01 00 00 bc 00 00 00 00 00 00 00 00 c9 
5a 11 0e 03 8e 00 00 01 00 05 81 00 00 00 00 00 00 00 00 4d 
5a 11 0f 03 a2 00 00 01 00 0c 07 00 00 00 00 00 00 00 00 ec 
5a 11 10 03 ca 00 00 01 00 0b 57 00 00 00 00 00 00 00 00 24 
5a 11 11 04 2e 00 00 01 00 32 bf 00 00 00 00 00 00 00 00 cc 
5a 11 12 04 b0 00 00 01 00 19 aa 00 00 00 00 00 00 00 00 77 
5a 11 13 05 14 00 00 01 00 2a 7f 00 00 00 00 00 00 00 00 5a 
