5a 11 01 00 d2 00 00 01 00 00 00 00 00 00 00 00 00 00 00 18 
5a 11 02 00 fe 00 00 01 00 00 00 00 00 00 00 00 00 00 00 a1 
5a 11 03 01 13 00 00 01 00 00 00 00 00 00 00 00 00 00 00 31 
5a 11 04 01 95 00 00 01 00 00 00 00 00 00 00 00 00 00 00 ad 
5a 11 05 01 c2 00 00 01 00 00 e5 00 00 00 00 00 00 00 00 fa 
5a 11 06 01 f9 00 00 01 00 00 00 00 00 00 00 00 00 00 00 99 
5a 11 07 02 30 00 00 01 00 00 00 00 00 00 00 00 00 00 00 15 
5a 11 08 02 58 00 00 01 00 00 00 00 00 00 00 00 00 00 00 bd 
5a 11 09 02 85 00 00 01 00 00 69 00 00 00 00 00 00 00 00 23 
5a 11 0a 02 a8 00 00 01 00 00 d0 00 00 00 00 00 00 00 00 2b 
5a 11 0b 02 ee 00 00 01 00 06 78 00 00 00 00 00 00 00 00 9e 
5a 11 0c 03 20 00 00 01 00 04 f5 00 00 00 00 00 00 00 00 8f 
5a 11 0d 03 52 00 00 01 00 00 00 00 00 00 00 00 00 00 00 57 
5a 11 0e 03 8e 00 00 01 00 03 79 00 00 00 00 00 00 00 00 5d 
5a 11 0f 03 a2 00 00 01 00 09 71 00 00 00 00 00 00 00 00 a0 
5a 11 10 03 ca 00 00 01 00 08 fc 00 00 00 00 00 00 00 00 ef 
5a 11 11 04 2e 00 00 01 00 2c bf 00 00 00 00 00 00 00 00 60 
5a 11 12 04 b0 00 00 01 00 19 0c 00 00 00 00 00 00 00 00 5f 
5a 11 13 05 14 00 00 01 00 21 69 00 00 00 00 00 00 00 00 3f 
