5a 11 01 00 d2 00 00 01 00 00 00 00 00 00 00 00 00 00 00 18 
5a 11 02 00 fe 00 00 01 00 00 00 00 00 00 00 00 00 00 00 a1 
5a 11 03 01 13 00 00 01 00 00 00 00 00 00 00 00 00 00 00 31 
5a 11 04 01 95 00 00 01 00 00 00 00 00 00 00 00 00 00 00 ad 
5a 11 05 01 c2 00 00 01 00 01 8d 00 00 00 00 00 00 00 00 44 
5a 11 06 01 f9 00 00 01 00 00 00 00 00 00 00 00 00 00 00 99 
5a 11 07 02 30 00 00 01 00 00 00 00 00 00 00 00 00 00 00 15 
5a 11 08 02 58 00 00 01 00 00 00 00 00 00 00 00 00 00 00 bd 
5a 11 09 02 85 00 00 01 00 01 4d 00 00 00 00 00 00 00 00 a5 
5a 11 0a 02 a8 00 00 01 00 01 e9 00 00 00 00 00 00 00 00 73 
5a 11 0b 02 ee 00 00 01 00 0b 69 00 00 00 00 00 00 00 00 e4 
5a 11 0c 03 20 00 00 01 00 09 4a 00 00 00 00 00 00 00 00 1c 
5a 11 0d 03 52 00 00 01 00 00 ec 00 00 00 00 00 00 00 00 56 
5a 11 0e 03 8e 00 00 01 00 06 09 00 00 00 00 00 00 00 00 00 
5a 11 0f 03 a2 00 00 01 00 0c d6 00 00 00 00 00 00 00 00 3e 
5a 11 10 03 ca 00 00 01 00 0c 18 00 00 00 00 00 00 00 00 88 
5a 11 11 04 2e 00 00 01 00 37 04 00 00 00 00 00 00 00 00 f5 
5a 11 12 04 b0 00 00 01 00 1b 8a 00 00 00 00 00 00 00 00 aa 
5a 11 13 05 14 00 00 01 00 2e 39 00 00 00 00 00 00 00 00 f6 
