5a 11 01 00 d2 00 00 01 00 00 00 00 00 00 00 00 00 00 00 18 
5a 11 02 00 fe 00 00 01 00 00 00 00 00 00 00 00 00 00 00 a1 
5a 11 03 01 13 00 00 01 00 00 00 00 00 00 00 00 00 00 00 31 
5a 11 04 01 95 00 00 01 00 00 00 00 00 00 00 00 00 00 00 ad 
5a 11 05 01 c2 00 00 01 00 01 8b 00 00 00 00 00 00 00 00 55 
5a 11 06 01 f9 00 00 01 00 00 00 00 00 00 00 00 00 00 00 99 
5a 11 07 02 30 00 00 01 00 00 00 00 00 00 00 00 00 00 00 15 
5a 11 08 02 58 00 00 01 00 00 00 00 00 00 00 00 00 00 00 bd 
5a 11 09 02 85 00 00 01 00 00 f6 00 00 00 00 00 00 00 00 3b 
5a 11 0a 02 a8 00 00 01 00 01 91 00 00 00 00 00 00 00 00 20 
5a 11 0b 02 ee 00 00 01 00 0a a4 00 00 00 00 00 00 00 00 f9 
5a 11 0c 03 20 00 00 01 00 09 2d 00 00 00 00 00 00 00 00 63 
5a 11 0d 03 52 00 00 01 00 00 fd 00 00 00 00 00 00 00 00 aa 
5a 11 0e 03 8e 00 00 01 00 06 33 00 00 00 00 00 00 00 00 bb 
5a 11 0f 03 a2 00 00 01 00 0d b1 00 00 00 00 00 00 00 00 29 
5a 11 10 03 ca 00 00 01 00 0c f9 00 00 00 00 00 00 00 00 d2 
5a 11 11 04 2e 00 00 01 00 37 e6 00 00 00 00 00 00 00 00 24 
5a 11 12 04 b0 00 00 01 00 1e 43 00 00 00 00 00 00 00 00 f3 
5a 11 13 05 14 00 00 01 00 30 3d 00 00 00 00 00 00 00 00 b9 
