5a 11 01 00 d2 00 00 01 00 00 00 00 00 00 00 00 00 00 00 18 
5a 11 02 00 fe 00 00 01 00 00 00 00 00 00 00 00 00 00 00 a1 
5a 11 03 01 13 00 00 01 00 00 00 00 00 00 00 00 00 00 00 31 
5a 11 04 01 95 00 00 01 00 00 00 00 00 00 00 00 00 00 00 ad 
5a 11 05 01 c2 00 00 01 00 01 bc 00 00 00 00 00 00 00 00 b5 
5a 11 06 01 f9 00 00 01 00 00 00 00 00 00 00 00 00 00 00 99 
5a 11 07 02 30 00 00 01 00 00 00 00 00 00 00 00 00 00 00 15 
5a 11 08 02 58 00 00 01 00 00 00 00 00 00 00 00 00 00 00 bd 
5a 11 09 02 85 00 00 01 00 01 61 00 00 00 00 00 00 00 00 8a 
5a 11 0a 02 a8 00 00 01 00 01 ef 00 00 00 00 00 00 00 00 62 
5a 11 0b 02 ee 00 00 01 00 0b 61 00 00 00 00 00 00 00 00 25 
5a 11 0c 03 20 00 00 01 00 09 4a 00 00 00 00 00 00 00 00 1c 
5a 11 0d 03 52 00 00 01 00 01 07 00 00 00 00 00 00 00 00 57 
5a 11 0e 03 8e 00 00 01 00 06 46 00 00 00 00 00 00 00 00 b3 
5a 11 0f 03 a2 00 00 01 00 0d 07 00 00 00 00 00 00 00 00 84 
5a 11 10 03 ca 00 00 01 00 0c 41 00 00 00 00 00 00 00 00 af 
5a 11 11 04 2e 00 00 01 00 36 93 00 00 00 00 00 00 00 00 44 
5a 11 12 04 b0 00 00 01 00 1a 97 00 00 00 00 00 00 00 00 1c 
5a 11 13 05 14 00 00 01 00 2c ac 00 00 00 00 00 00 00 00 0d 
