5a 11 01 00 d2 00 00 01 00 00 00 00 00 00 00 00 00 00 00 18 
5a 11 02 00 fe 00 00 01 00 00 00 00 00 00 00 00 00 00 00 a1 
5a 11 03 01 13 00 00 01 00 00 00 00 00 00 00 00 00 00 00 31 
5a 11 04 01 95 00 00 01 00 00 00 00 00 00 00 00 00 00 00 ad 
5a 11 05 01 c2 00 00 01 00 02 3f 00 00 00 00 00 00 00 00 b2 
5a 11 06 01 f9 00 00 01 00 00 00 00 00 00 00 00 00 00 00 99 
5a 11 07 02 30 00 00 01 00 00 00 00 00 00 00 00 00 00 00 15 
5a 11 08 02 58 00 00 01 00 00 00 00 00 00 00 00 00 00 00 bd 
5a 11 09 02 85 00 00 01 00 01 dc 00 00 00 00 00 00 00 00 6d 
5a 11 0a 02 a8 00 00 01 00 02 79 00 00 00 00 00 00 00 00 7a 
5a 11 0b 02 ee 00 00 01 00 0c 26 00 00 00 00 00 00 00 00 48 
5a 11 0c 03 20 00 00 01 00 09 ac 00 00 00 00 00 00 00 00 2e 
5a 11 0d 03 52 00 00 01 00 01 0d 00 00 00 00 00 00 00 00 64 
5a 11 0e 03 8e 00 00 01 00 06 6f 00 00 00 00 00 00 00 00 06 
5a 11 0f 03 a2 00 00 01 00 0d cb 00 00 00 00 00 00 00 00 88 
5a 11 10 03 ca 00 00 01 00 0d 1d 00 00 00 00 00 00 00 00 7a 
5a 11 11 04 2e 00 00 01 00 3c 47 00 00 00 00 00 00 00 00 95 
5a 11 12 04 b0 00 00 01 00 21 c5 00 00 00 00 00 00 00 00 31 
5a 11 13 05 14 00 00 01 00 36 6d 00 00 00 00 00 00 00 00 51 
