5a 11 01 00 d2 00 00 01 00 00 00 00 00 00 00 00 00 00 00 18 
5a 11 02 00 fe 00 00 01 00 00 00 00 00 00 00 00 00 00 00 a1 
5a 11 03 01 13 00 00 01 00 00 00 00 00 00 00 00 00 00 00 31 
5a 11 04 01 95 00 00 01 00 00 00 00 00 00 00 00 00 00 00 ad 
5a 11 05 01 c2 00 00 01 00 02 2b 00 00 00 00 00 00 00 00 d4 
5a 11 06 01 f9 00 00 01 00 00 00 00 00 00 00 00 00 00 00 99 
5a 11 07 02 30 00 00 01 00 00 00 00 00 00 00 00 00 00 00 15 
5a 11 08 02 58 00 00 01 00 00 00 00 00 00 00 00 00 00 00 bd 
5a 11 09 02 85 00 00 01 00 01 c6 00 00 00 00 00 00 00 00 db 
5a 11 0a 02 a8 00 00 01 00 02 50 00 00 00 00 00 00 00 00 cf 
5a 11 0b 02 ee 00 00 01 00 0c 63 00 00 00 00 00 00 00 00 c8 
5a 11 0c 03 20 00 00 01 00 0a 02 00 00 00 00 00 00 00 00 7f 
5a 11 0d 03 52 00 00 01 00 01 2f 00 00 00 00 00 00 00 00 9b 
5a 11 0e 03 8e 00 00 01 00 06 84 00 00 00 00 00 00 00 00 6f 
5a 11 0f 03 a2 00 00 01 00 0d 82 00 00 00 00 00 00 00 00 2a 
5a 11 10 03 ca 00 00 01 00 0c dc 00 00 00 00 00 00 00 00 45 
5a 11 11 04 2e 00 00 01 00 37 16 00 00 00 00 00 00 00 00 82 
5a 11 12 04 b0 00 00 01 00 1b 32 00 00 00 00 00 00 00 00 d7 
5a 11 13 05 14 00 00 01 00 2d 96 00 00 00 00 00 00 00 00 de 
