5a 11 01 00 d2 00 00 01 00 00 00 00 00 00 00 00 00 00 00 18 
5a 11 02 00 fe 00 00 01 00 00 00 00 00 00 00 00 00 00 00 a1 
5a 11 03 01 13 00 00 01 00 00 00 00 00 00 00 00 00 00 00 31 
5a 11 04 01 95 00 00 01 00 00 00 00 00 00 00 00 00 00 00 ad 
5a 11 05 01 c2 00 00 01 00 01 c6 00 00 00 00 00 00 00 00 14 
5a 11 06 01 f9 00 00 01 00 00 00 00 00 00 00 00 00 00 00 99 
5a 11 07 02 30 00 00 01 00 00 00 00 00 00 00 00 00 00 00 15 
5a 11 08 02 58 00 00 01 00 00 00 00 00 00 00 00 00 00 00 bd 
5a 11 09 02 85 00 00 01 00 01 70 00 00 00 00 00 00 00 00 76 
5a 11 0a 02 a8 00 00 01 00 01 f4 00 00 00 00 00 00 00 00 ad 
5a 11 0b 02 ee 00 00 01 00 0b 50 00 00 00 00 00 00 00 00 d4 
5a 11 0c 03 20 00 00 01 00 09 25 00 00 00 00 00 00 00 00 a2 
5a 11 0d 03 52 00 00 01 00 00 f2 00 00 00 00 00 00 00 00 03 
5a 11 0e 03 8e 00 00 01 00 05 ef 00 00 00 00 00 00 00 00 8a 
5a 11 0f 03 a2 00 00 01 00 0c 80 00 00 00 00 00 00 00 00 b0 
5a 11 10 03 ca 00 00 01 00 0b e9 00 00 00 00 00 00 00 00 48 
5a 11 11 04 2e 00 00 01 00 38 60 00 00 00 00 00 00 00 00 57 
5a 11 12 04 b0 00 00 01 00 1b 6f 00 00 00 00 00 00 00 00 13 
5a 11 13 05 14 00 00 01 00 2e ba 00 00 00 00 00 00 00 00 49 
