5a 11 01 00 d2 00 00 01 00 00 00 00 00 00 00 00 00 00 00 18 
5a 11 02 00 fe 00 00 01 00 00 00 00 00 00 00 00 00 00 00 a1 
5a 11 03 01 13 00 00 01 00 00 00 00 00 00 00 00 00 00 00 31 
5a 11 04 01 95 00 00 01 00 00 00 00 00 00 00 00 00 00 00 ad 
5a 11 05 01 c2 00 00 01 00 01 bb 00 00 00 00 00 00 00 00 dd 
5a 11 06 01 f9 00 00 01 00 00 00 00 00 00 00 00 00 00 00 99 
5a 11 07 02 30 00 00 01 00 00 00 00 00 00 00 00 00 00 00 15 
5a 11 08 02 58 00 00 01 00 00 00 00 00 00 00 00 00 00 00 bd 
5a 11 09 02 85 00 00 01 00 01 e5 00 00 00 00 00 00 00 00 5d 
5a 11 0a 02 a8 00 00 01 00 02 9f 00 00 00 00 00 00 00 00 48 
5a 11 0b 02 ee 00 00 01 00 0c e1 00 00 00 00 00 00 00 00 0e 
5a 11 0c 03 20 00 00 01 00 0a 69 00 00 00 00 00 00 00 00 22 
5a 11 0d 03 52 00 00 01 00 01 4f 00 00 00 00 00 00 00 00 8c 
5a 11 0e 03 8e 00 00 01 00 07 2e 00 00 00 00 00 00 00 00 0d 
5a 11 0f 03 a2 00 00 01 00 0f 32 00 00 00 00 00 00 00 00 46 
5a 11 10 03 ca 00 00 01 00 0e 0e 00 00 00 00 00 00 00 00 cc 
5a 11 11 04 2e 00 00 01 00 3d 55 00 00 00 00 00 00 00 00 8a 
5a 11 12 04 b0 00 00 01 00 1d 3c 00 00 00 00 00 00 00 00 70 
5a 11 13 05 14 00 00 01 00 34 7a 00 00 00 00 00 00 00 00 6c 
