5a 11 01 00 d2 00 00 01 00 00 00 00 00 00 00 00 00 00 00 18 
5a 11 02 00 fe 00 00 01 00 00 00 00 00 00 00 00 00 00 00 a1 
5a 11 03 01 13 00 00 01 00 00 00 00 00 00 00 00 00 00 00 31 
5a 11 04 01 95 00 00 01 00 00 00 00 00 00 00 00 00 00 00 ad 
5a 11 05 01 c2 00 00 01 00 01 b6 00 00 00 00 00 00 00 00 86 
5a 11 06 01 f9 00 00 01 00 00 00 00 00 00 00 00 00 00 00 99 
5a 11 07 02 30 00 00 01 00 00 00 00 00 00 00 00 00 00 00 15 
5a 11 08 02 58 00 00 01 00 00 00 00 00 00 00 00 00 00 00 bd 
5a 11 09 02 85 00 00 01 00 01 46 00 00 00 00 00 00 00 00 ef 
5a 11 0a 02 a8 00 00 01 00 01 bd 00 00 00 00 00 00 00 00 0f 
5a 11 0b 02 ee 00 00 01 00 0b 15 00 00 00 00 00 00 00 00 54 
5a 11 0c 03 20 00 00 01 00 09 24 00 00 00 00 00 00 00 00 db 
5a 11 0d 03 52 00 00 01 00 00 f1 00 00 00 00 00 00 00 00 88 
5a 11 0e 03 8e 00 00 01 00 06 20 00 00 00 00 00 00 00 00 b5 
5a 11 0f 03 a2 00 00 01 00 0c e1 00 00 00 00 00 00 00 00 de 
5a 11 10 03 ca 00 00 01 00 0b fe 00 00 00 00 00 00 00 00 a5 
5a 11 11 04 2e 00 00 01 00 35 ac 00 00 00 00 00 00 00 00 dd 
5a 11 12 04 b0 00 00 01 00 1b 6e 00 00 00 00 00 00 00 00 6a 
5a 11 13 05 14 00 00 01 00 2c a7 00 00 00 00 00 00 00 00 47 
