5a 11 01 00 d2 00 00 01 00 00 00 00 00 00 00 00 00 00 00 18 
5a 11 02 00 fe 00 00 01 00 00 00 00 00 00 00 00 00 00 00 a1 
5a 11 03 01 13 00 00 01 00 00 00 00 00 00 00 00 00 00 00 31 
5a 11 04 01 95 00 00 01 00 00 00 00 00 00 00 00 00 00 00 ad 
5a 11 05 01 c2 00 00 01 00 01 da 00 00 00 00 00 00 00 00 b3 
5a 11 06 01 f9 00 00 01 00 00 00 00 00 00 00 00 00 00 00 99 
5a 11 07 02 30 00 00 01 00 00 00 00 00 00 00 00 00 00 00 15 
5a 11 08 02 58 00 00 01 00 00 00 00 00 00 00 00 00 00 00 bd 
5a 11 09 02 85 00 00 01 00 01 69 00 00 00 00 00 00 00 00 4b 
5a 11 0a 02 a8 00 00 01 00 01 e6 00 00 00 00 00 00 00 00 da 
5a 11 0b 02 ee 00 00 01 00 0a fe 00 00 00 00 00 00 00 00 55 
5a 11 0c 03 20 00 00 01 00 08 e3 00 00 00 00 00 00 00 00 f5 
5a 11 0d 03 52 00 00 01 00 00 ef 00 00 00 00 00 00 00 00 dd 
5a 11 0e 03 8e 00 00 01 00 05 f7 00 00 00 00 00 00 00 00 ce 
5a 11 0f 03 a2 00 00 01 00 0c c2 00 00 00 00 00 00 00 00 58 
5a 11 10 03 ca 00 00 01 00 0c 0b 00 00 00 00 00 00 00 00 86 
5a 11 11 04 2e 00 00 01 00 37 47 00 00 00 00 00 00 00 00 64 
5a 11 12 04 b0 00 00 01 00 1b 2e 00 00 00 00 00 00 00 00 70 
5a 11 13 05 14 00 00 01 00 2d 57 00 00 00 00 00 00 00 00 89 
