5a 11 01 00 d2 00 00 01 00 00 00 00 00 00 00 00 00 00 00 18 
5a 11 02 00 fe 00 00 01 00 00 00 00 00 00 00 00 00 00 00 a1 
5a 11 03 01 13 00 00 01 00 00 00 00 00 00 00 00 00 00 00 31 
5a 11 04 01 95 00 00 01 00 00 00 00 00 00 00 00 00 00 00 ad 
5a 11 05 01 c2 00 00 01 00 01 ab 00 00 00 00 00 00 00 00 58 
5a 11 06 01 f9 00 00 01 00 00 00 00 00 00 00 00 00 00 00 99 
5a 11 07 02 30 00 00 01 00 00 00 00 00 00 00 00 00 00 00 15 
5a 11 08 02 58 00 00 01 00 00 00 00 00 00 00 00 00 00 00 bd 
5a 11 09 02 85 00 00 01 00 01 f0 00 00 00 00 00 00 00 00 42 
5a 11 0a 02 a8 00 00 01 00 02 b5 00 00 00 00 00 00 00 00 76 
5a 11 0b 02 ee 00 00 01 00 0c c4 00 00 00 00 00 00 00 00 99 
5a 11 0c 03 20 00 00 01 00 07 f7 00 00 00 00 00 00 00 00 c5 
5a 11 0d 03 52 00 00 01 00 01 02 00 00 00 00 00 00 00 00 cd 
5a 11 0e 03 8e 00 00 01 00 06 71 00 00 00 00 00 00 00 00 53 
5a 11 0f 03 a2 00 00 01 00 0c fb 00 00 00 00 00 00 00 00 68 
5a 11 10 03 ca 00 00 01 00 0c 7e 00 00 00 00 00 00 00 00 8e 
5a 11 11 04 2e 00 00 01 00 37 c0 00 00 00 00 00 00 00 00 38 
5a 11 12 04 b0 00 00 01 00 1d 0a 00 00 00 00 00 00 00 00 e9 
5a 11 13 05 14 00 00 01 00 30 a5 00 00 00 00 00 00 00 00 c9 
