5a 11 01 00 d2 00 00 01 00 00 00 00 00 00 00 00 00 00 00 18 
5a 11 02 00 fe 00 00 01 00 00 00 00 00 00 00 00 00 00 00 a1 
5a 11 03 01 13 00 00 01 00 00 00 00 00 00 00 00 00 00 00 31 
5a 11 04 01 95 00 00 01 00 00 00 00 00 00 00 00 00 00 00 ad 
5a 11 05 01 c2 00 00 01 00 01 c3 00 00 00 00 00 00 00 00 8e 
5a 11 06 01 f9 00 00 01 00 00 00 00 00 00 00 00 00 00 00 99 
5a 11 07 02 30 00 00 01 00 00 00 00 00 00 00 00 00 00 00 15 
5a 11 08 02 58 00 00 01 00 00 00 00 00 00 00 00 00 00 00 bd 
5a 11 09 02 85 00 00 01 00 02 1a 00 00 00 00 00 00 00 00 ea 
5a 11 0a 02 a8 00 00 01 00 02 d8 00 00 00 00 00 00 00 00 3a 
5a 11 0b 02 ee 00 00 01 00 0d 2b 00 00 00 00 00 00 00 00 7b 
5a 11 0c 03 20 00 00 01 00 08 52 00 00 00 00 00 00 00 00 30 
5a 11 0d 03 52 00 00 01 00 01 16 00 00 00 00 00 00 00 00 ab 
5a 11 0e 03 8e 00 00 01 00 06 db 00 00 00 00 00 00 00 00 59 
5a 11 0f 03 a2 00 00 01 00 0d bc 00 00 00 00 00 00 00 00 72 
5a 11 10 03 ca 00 00 01 00 0d 2a 00 00 00 00 00 00 00 00 9a 
5a 11 11 04 2e 00 00 01 00 37 7f 00 00 00 00 00 00 00 00 2d 
5a 11 12 04 b0 00 00 01 00 1c 97 00 00 00 00 00 00 00 00 6b 
5a 11 13 05 14 00 00 01 00 2d f3 00 00 00 00 00 00 00 00 53 
