5a 11 01 00 d2 00 00 01 00 00 00 00 00 00 00 00 00 00 00 18 
5a 11 02 00 fe 00 00 01 00 00 00 00 00 00 00 00 00 00 00 a1 
5a 11 03 01 13 00 00 01 00 00 00 00 00 00 00 00 00 00 00 31 
5a 11 04 01 95 00 00 01 00 00 00 00 00 00 00 00 00 00 00 ad 
5a 11 05 01 c2 00 00 01 00 01 bd 00 00 00 00 00 00 00 00 cc 
5a 11 06 01 f9 00 00 01 00 00 00 00 00 00 00 00 00 00 00 99 
5a 11 07 02 30 00 00 01 00 00 00 00 00 00 00 00 00 00 00 15 
5a 11 08 02 58 00 00 01 00 00 00 00 00 00 00 00 00 00 00 bd 
5a 11 09 02 85 00 00 01 00 01 64 00 00 00 00 00 00 00 00 10 
5a 11 0a 02 a8 00 00 01 00 01 f9 00 00 00 00 00 00 00 00 f6 
5a 11 0b 02 ee 00 00 01 00 0b 41 00 00 00 00 00 00 00 00 28 
5a 11 0c 03 20 00 00 01 00 07 13 00 00 00 00 00 00 00 00 05 
5a 11 0d 03 52 00 00 01 00 00 a4 00 00 00 00 00 00 00 00 8d 
5a 11 0e 03 8e 00 00 01 00 05 af 00 00 00 00 00 00 00 00 90 
5a 11 0f 03 a2 00 00 01 00 0b b9 00 00 00 00 00 00 00 00 9f 
5a 11 10 03 ca 00 00 01 00 0b 54 00 00 00 00 00 00 00 00 af 
5a 11 11 04 2e 00 00 01 00 34 03 00 00 00 00 00 00 00 00 25 
5a 11 12 04 b0 00 00 01 00 1a 31 00 00 00 00 00 00 00 00 34 
5a 11 13 05 14 00 00 01 00 2b c3 00 00 00 00 00 00 00 00 ac 
