5a 11 01 00 d2 00 00 01 00 00 00 00 00 00 00 00 00 00 00 18 
5a 11 02 00 fe 00 00 01 00 00 00 00 00 00 00 00 00 00 00 a1 
5a 11 03 01 13 00 00 01 00 00 00 00 00 00 00 00 00 00 00 31 
5a 11 04 01 95 00 00 01 00 00 00 00 00 00 00 00 00 00 00 ad 
5a 11 05 01 c2 00 00 01 00 02 1f 00 00 00 00 00 00 00 00 bf 
5a 11 06 01 f9 00 00 01 00 00 00 00 00 00 00 00 00 00 00 99 
5a 11 07 02 30 00 00 01 00 00 00 00 00 00 00 00 00 00 00 15 
5a 11 08 02 58 00 00 01 00 00 00 00 00 00 00 00 00 00 00 bd 
5a 11 09 02 85 00 00 01 00 01 b0 00 00 00 00 00 00 00 00 58 
5a 11 0a 02 a8 00 00 01 00 02 47 00 00 00 00 00 00 00 00 22 
5a 11 0b 02 ee 00 00 01 00 0b d3 00 00 00 00 00 00 00 00 6b 
5a 11 0c 03 20 00 00 01 00 07 88 00 00 00 00 00 00 00 00 fe 
5a 11 0d 03 52 00 00 01 00 00 d2 00 00 00 00 00 00 00 00 0e 
5a 11 0e 03 8e 00 00 01 00 06 35 00 00 00 00 00 00 00 00 aa 
5a 11 0f 03 a2 00 00 01 00 0c 8b 00 00 00 00 00 00 00 00 fa 
5a 11 10 03 ca 00 00 01 00 0c 1d 00 00 00 00 00 00 00 00 12 
5a 11 11 04 2e 00 00 01 00 38 3f 00 00 00 00 00 00 00 00 61 
5a 11 12 04 b0 00 00 01 00 1b 9f 00 00 00 00 00 00 00 00 b5 
5a 11 13 05 14 00 00 01 00 2c 39 00 00 00 00 00 00 00 00 26 
