5a 11 01 00 d2 00 00 01 00 00 00 00 00 00 00 00 00 00 00 18 
5a 11 02 00 fe 00 00 01 00 00 00 00 00 00 00 00 00 00 00 a1 
5a 11 03 01 13 00 00 01 00 00 00 00 00 00 00 00 00 00 00 31 
5a 11 04 01 95 00 00 01 00 00 00 00 00 00 00 00 00 00 00 ad 
5a 11 05 01 c2 00 00 01 00 01 76 00 00 00 00 00 00 00 00 a8 
5a 11 06 01 f9 00 00 01 00 00 00 00 00 00 00 00 00 00 00 99 
5a 11 07 02 30 00 00 01 00 00 00 00 00 00 00 00 00 00 00 15 
5a 11 08 02 58 00 00 01 00 00 00 00 00 00 00 00 00 00 00 bd 
5a 11 09 02 85 00 00 01 00 02 07 00 00 00 00 00 00 00 00 34 
5a 11 0a 02 a8 00 00 01 00 03 1b 00 00 00 00 00 00 00 00 f7 
5a 11 0b 02 ee 00 00 01 00 0c e4 00 00 00 00 00 00 00 00 94 
5a 11 0c 03 20 00 00 01 00 07 cb 00 00 00 00 00 00 00 00 6f 
5a 11 0d 03 52 00 00 01 00 00 e3 00 00 00 00 00 00 00 00 ff 
5a 11 0e 03 8e 00 00 01 00 06 37 00 00 00 00 00 00 00 00 58 
5a 11 0f 03 a2 00 00 01 00 0c 79 00 00 00 00 00 00 00 00 ae 
5a 11 10 03 ca 00 00 01 00 0b f9 00 00 00 00 00 00 00 00 cd 
5a 11 11 04 2e 00 00 01 00 33 a0 00 00 00 00 00 00 00 00 88 
5a 11 12 04 b0 00 00 01 00 1b c1 00 00 00 00 00 00 00 00 fa 
5a 11 13 05 14 00 00 01 00 29 d2 00 00 00 00 00 00 00 00 80 
