5a 11 01 00 d2 00 00 01 00 00 00 00 00 00 00 00 00 00 00 18 
5a 11 02 00 fe 00 00 01 00 00 00 00 00 00 00 00 00 00 00 a1 
5a 11 03 01 13 00 00 01 00 00 00 00 00 00 00 00 00 00 00 31 
5a 11 04 01 95 00 00 01 00 00 00 00 00 00 00 00 00 00 00 ad 
5a 11 05 01 c2 00 00 01 00 02 60 00 00 00 00 00 00 00 00 84 
5a 11 06 01 f9 00 00 01 00 00 00 00 00 00 00 00 00 00 00 99 
5a 11 07 02 30 00 00 01 00 00 00 00 00 00 00 00 00 00 00 15 
5a 11 08 02 58 00 00 01 00 00 00 00 00 00 00 00 00 00 00 bd 
5a 11 09 02 85 00 00 01 00 02 14 00 00 00 00 00 00 00 00 3a 
5a 11 0a 02 a8 00 00 01 00 02 de 00 00 00 00 00 00 00 00 2b 
5a 11 0b 02 ee 00 00 01 00 0d 0b 00 00 00 00 00 00 00 00 76 
5a 11 0c 03 20 00 00 01 00 08 6f 00 00 00 00 00 00 00 00 e3 
5a 11 0d 03 52 00 00 01 00 01 30 00 00 00 00 00 00 00 00 b7 
5a 11 0e 03 8e 00 00 01 00 07 09 00 00 00 00 00 00 00 00 68 
5a 11 0f 03 a2 00 00 01 00 0e 6d 00 00 00 00 00 00 00 00 18 
5a 11 10 03 ca 00 00 01 00 0e 46 00 00 00 00 00 00 00 00 17 
5a 11 11 04 2e 00 00 01 00 39 e2 00 00 00 00 00 00 00 00 f9 
5a 11 12 04 b0 00 00 01 00 20 4e 00 00 00 00 00 00 00 00 27 
5a 11 13 05 14 00 00 01 00 31 cd 00 00 00 00 00 00 00 00 77 
