5a 11 01 00 d2 00 00 01 00 00 00 00 00 00 00 00 00 00 00 18 
5a 11 02 00 fe 00 00 01 00 00 00 00 00 00 00 00 00 00 00 a1 
5a 11 03 01 13 00 00 01 00 00 00 00 00 00 00 00 00 00 00 31 
5a 11 04 01 95 00 00 01 00 00 00 00 00 00 00 00 00 00 00 ad 
5a 11 05 01 c2 00 00 01 00 01 f6 00 00 00 00 00 00 00 00 9c 
5a 11 06 01 f9 00 00 01 00 00 00 00 00 00 00 00 00 00 00 99 
5a 11 07 02 30 00 00 01 00 00 00 00 00 00 00 00 00 00 00 15 
5a 11 08 02 58 00 00 01 00 00 00 00 00 00 00 00 00 00 00 bd 
5a 11 09 02 85 00 00 01 00 01 a5 00 00 00 00 00 00 00 00 47 
5a 11 0a 02 a8 00 00 01 00 02 36 00 00 00 00 00 00 00 00 c9 
5a 11 0b 02 ee 00 00 01 00 0c 2e 00 00 00 00 00 00 00 00 89 
5a 11 0c 03 20 00 00 01 00 09 cf 00 00 00 00 00 00 00 00 b2 
5a 11 0d 03 52 00 00 01 00 01 06 00 00 00 00 00 00 00 00 2e 
5a 11 0e 03 8e 00 00 01 00 06 5c 00 00 00 00 00 00 00 00 05 
5a 11 0f 03 a2 00 00 01 00 0d 9a 00 00 00 00 00 00 00 00 6e 
5a 11 10 03 ca 00 00 01 00 0c ea 00 00 00 00 00 00 00 00 dc 
5a 11 11 04 2e 00 00 01 00 3b f0 00 00 00 00 00 00 00 00 5e 
5a 11 12 04 b0 00 00 01 00 1e 6e 00 00 00 00 00 00 00 00 a5 
5a 11 13 05 14 00 00 01 00 31 5b 00 00 00 00 00 00 00 00 d7 
