5a 11 01 00 d2 00 00 01 00 00 00 00 00 00 00 00 00 00 00 18 
5a 11 02 00 fe 00 00 01 00 00 00 00 00 00 00 00 00 00 00 a1 
5a 11 03 01 13 00 00 01 00 00 00 00 00 00 00 00 00 00 00 31 
5a 11 04 01 95 00 00 01 00 00 00 00 00 00 00 00 00 00 00 ad 
5a 11 05 01 c2 00 00 01 00 01 55 00 00 00 00 00 00 00 00 2e 
5a 11 06 01 f9 00 00 01 00 00 00 00 00 00 00 00 00 00 00 99 
5a 11 07 02 30 00 00 01 00 00 00 00 00 00 00 00 00 00 00 15 
5a 11 08 02 58 00 00 01 00 00 00 00 00 00 00 00 00 00 00 bd 
5a 11 09 02 85 00 00 01 00 00 ee 00 00 00 00 00 00 00 00 7f 
5a 11 0a 02 a8 00 00 01 00 01 54 00 00 00 00 00 00 00 00 94 
5a 11 0b 02 ee 00 00 01 00 0a 32 00 00 00 00 00 00 00 00 59 
5a 11 0c 03 20 00 00 01 00 08 fe 00 00 00 00 00 00 00 00 2b 
5a 11 0d 03 52 00 00 01 00 00 f1 00 00 00 00 00 00 00 00 88 
5a 11 0e 03 8e 00 00 01 00 06 2b 00 00 00 00 00 00 00 00 ff 
5a 11 0f 03 a2 00 00 01 00 0d 4e 00 00 00 00 00 00 00 00 26 
5a 11 10 03 ca 00 00 01 00 0c 34 00 00 00 00 00 00 00 00 a7 
5a 11 11 04 2e 00 00 01 00 36 40 00 00 00 00 00 00 00 00 64 
5a 11 12 04 b0 00 00 01 00 1c b4 00 00 00 00 00 00 00 00 ed 
5a 11 13 05 14 00 00 01 00 30 24 00 00 00 00 00 00 00 00 84 
