5a 11 01 00 d2 00 00 01 00 00 00 00 00 00 00 00 00 00 00 18 
5a 11 02 00 fe 00 00 01 00 00 00 00 00 00 00 00 00 00 00 a1 
5a 11 03 01 13 00 00 01 00 00 00 00 00 00 00 00 00 00 00 31 
5a 11 04 01 95 00 00 01 00 00 00 00 00 00 00 00 00 00 00 ad 
5a 11 05 01 c2 00 00 01 00 02 e1 00 00 00 00 00 00 00 00 c9 
5a 11 06 01 f9 00 00 01 00 00 00 00 00 00 00 00 00 00 00 99 
5a 11 07 02 30 00 00 01 00 00 00 00 00 00 00 00 00 00 00 15 
5a 11 08 02 58 00 00 01 00 00 00 00 00 00 00 00 00 00 00 bd 
5a 11 09 02 85 00 00 01 00 02 11 00 00 00 00 00 00 00 00 a0 
5a 11 0a 02 a8 00 00 01 00 02 b5 00 00 00 00 00 00 00 00 76 
5a 11 0b 02 ee 00 00 01 00 0d a5 00 00 00 00 00 00 00 00 9f 
5a 11 0c 03 20 00 00 01 00 0a fe 00 00 00 00 00 00 00 00 fb 
5a 11 0d 03 52 00 00 01 00 01 68 00 00 00 00 00 00 00 00 e9 
5a 11 0e 03 8e 00 00 01 00 07 2f 00 00 00 00 00 00 00 00 74 
5a 11 0f 03 a2 00 00 01 00 0e f4 00 00 00 00 00 00 00 00 11 
5a 11 10 03 ca 00 00 01 00 0e 54 00 00 00 00 00 00 00 00 60 
5a 11 11 04 2e 00 00 01 00 3c 1d 00 00 00 00 00 00 00 00 39 
5a 11 12 04 b0 00 00 01 00 1f 86 00 00 00 00 00 00 00 00 2f 
5a 11 13 05 14 00 00 01 00 30 53 00 00 00 00 00 00 00 00 7e 
