5a 11 01 00 d2 00 00 01 00 00 00 00 00 00 00 00 00 00 00 18 
5a 11 02 00 fe 00 00 01 00 00 00 00 00 00 00 00 00 00 00 a1 
5a 11 03 01 13 00 00 01 00 00 00 00 00 00 00 00 00 00 00 31 
5a 11 04 01 95 00 00 01 00 00 00 00 00 00 00 00 00 00 00 ad 
5a 11 05 01 c2 00 00 01 00 01 70 00 00 00 00 00 00 00 00 b9 
5a 11 06 01 f9 00 00 01 00 00 00 00 00 00 00 00 00 00 00 99 
5a 11 07 02 30 00 00 01 00 00 00 00 00 00 00 00 00 00 00 15 
5a 11 08 02 58 00 00 01 00 00 00 00 00 00 00 00 00 00 00 bd 
5a 11 09 02 85 00 00 01 00 01 4b 00 00 00 00 00 00 00 00 b4 
5a 11 0a 02 a8 00 00 01 00 02 1e 00 00 00 00 00 00 00 00 05 
5a 11 0b 02 ee 00 00 01 00 0b 5d 00 00 00 00 00 00 00 00 8f 
5a 11 0c 03 20 00 00 01 00 09 77 00 00 00 00 00 00 00 00 cf 
5a 11 0d 03 52 00 00 01 00 00 ef 00 00 00 00 00 00 00 00 dd 
5a 11 0e 03 8e 00 00 01 00 06 0a 00 00 00 00 00 00 00 00 8b 
5a 11 0f 03 a2 00 00 01 00 0d b3 00 00 00 00 00 00 00 00 db 
5a 11 10 03 ca 00 00 01 00 0d 33 00 00 00 00 00 00 00 00 a7 
5a 11 11 04 2e 00 00 01 00 37 c9 00 00 00 00 00 00 00 00 80 
5a 11 12 04 b0 00 00 01 00 21 66 00 00 00 00 00 00 00 00 83 
5a 11 13 05 14 00 00 01 00 31 09 00 00 00 00 00 00 00 00 ba 
