5a 11 01 00 d2 00 00 01 00 00 00 00 00 00 00 00 00 00 00 18 
5a 11 02 00 fe 00 00 01 00 00 00 00 00 00 00 00 00 00 00 a1 
5a 11 03 01 13 00 00 01 00 00 00 00 00 00 00 00 00 00 00 31 
5a 11 04 01 95 00 00 01 00 00 00 00 00 00 00 00 00 00 00 ad 
5a 11 05 01 c2 00 00 01 00 01 27 00 00 00 00 00 00 00 00 4e 
5a 11 06 01 f9 00 00 01 00 00 00 00 00 00 00 00 00 00 00 99 
5a 11 07 02 30 00 00 01 00 00 00 00 00 00 00 00 00 00 00 15 
5a 11 08 02 58 00 00 01 00 00 00 00 00 00 00 00 00 00 00 bd 
5a 11 09 02 85 00 00 01 00 01 43 00 00 00 00 00 00 00 00 75 
5a 11 0a 02 a8 00 00 01 00 01 f1 00 00 00 00 00 00 00 00 37 
5a 11 0b 02 ee 00 00 01 00 0b c6 00 00 00 00 00 00 00 00 74 
5a 11 0c 03 20 00 00 01 00 09 fb 00 00 00 00 00 00 00 00 d9 
5a 11 0d 03 52 00 00 01 00 01 44 00 00 00 00 00 00 00 00 c6 
5a 11 0e 03 8e 00 00 01 00 06 fa 00 00 00 00 00 00 00 00 2d 
5a 11 0f 03 a2 00 00 01 00 0d fa 00 00 00 00 00 00 00 00 79 
5a 11 10 03 ca 00 00 01 00 0c 95 00 00 00 00 00 00 00 00 e7 
5a 11 11 04 2e 00 00 01 00 36 f8 00 00 00 00 00 00 00 00 19 
5a 11 12 04 b0 00 00 01 00 1a 67 00 00 00 00 00 00 00 00 ba 
5a 11 13 05 14 00 00 01 00 30 33 00 00 00 00 00 00 00 00 69 
