5a 11 01 00 d2 00 00 01 00 00 00 00 00 00 00 00 00 00 00 18 
5a 11 02 00 fe 00 00 01 00 00 00 00 00 00 00 00 00 00 00 a1 
5a 11 03 01 13 00 00 01 00 00 00 00 00 00 00 00 00 00 00 31 
5a 11 04 01 95 00 00 01 00 00 00 00 00 00 00 00 00 00 00 ad 
5a 11 05 01 c2 00 00 01 00 02 c3 00 00 00 00 00 00 00 00 36 
5a 11 06 01 f9 00 00 01 00 00 00 00 00 00 00 00 00 00 00 99 
5a 11 07 02 30 00 00 01 00 00 00 00 00 00 00 00 00 00 00 15 
5a 11 08 02 58 00 00 01 00 00 00 00 00 00 00 00 00 00 00 bd 
5a 11 09 02 85 00 00 01 00 03 4d 00 00 00 00 00 00 00 00 75 
5a 11 0a 02 a8 00 00 01 00 04 ec 00 00 00 00 00 00 00 00 26 
5a 11 0b 02 ee 00 00 01 00 0e bd 00 00 00 00 00 00 00 00 63 
5a 11 0c 03 20 00 00 01 00 0a e6 00 00 00 00 00 00 00 00 bf 
5a 11 0d 03 52 00 00 01 00 01 5e 00 00 00 00 00 00 00 00 70 
5a 11 0e 03 8e 00 00 01 00 07 1f 00 00 00 00 00 00 00 00 fc 
5a 11 0f 03 a2 00 00 01 00 0f 0a 00 00 00 00 00 00 00 00 0f 
5a 11 10 03 ca 00 00 01 00 0e 2a 00 00 00 00 00 00 00 00 22 
5a 11 11 04 2e 00 00 01 00 3e de 00 00 00 00 00 00 00 00 4c 
5a 11 12 04 b0 00 00 01 00 25 6e 00 00 00 00 00 00 00 00 e5 
5a 11 13 05 14 00 00 01 00 34 9d 00 00 00 00 00 00 00 00 27 
