5a 11 01 00 d2 00 00 01 00 00 00 00 00 00 00 00 00 00 00 18 
5a 11 02 00 fe 00 00 01 00 00 00 00 00 00 00 00 00 00 00 a1 
5a 11 03 01 13 00 00 01 00 00 00 00 00 00 00 00 00 00 00 31 
5a 11 04 01 95 00 00 01 00 00 00 00 00 00 00 00 00 00 00 ad 
5a 11 05 01 c2 00 00 01 00 01 77 00 00 00 00 00 00 00 00 d1 
5a 11 06 01 f9 00 00 01 00 00 00 00 00 00 00 00 00 00 00 99 
5a 11 07 02 30 00 00 01 00 00 00 00 00 00 00 00 00 00 00 15 
5a 11 08 02 58 00 00 01 00 00 00 00 00 00 00 00 00 00 00 bd 
5a 11 09 02 85 00 00 01 00 01 08 00 00 00 00 00 00 00 00 25 
5a 11 0a 02 a8 00 00 01 00 01 78 00 00 00 00 00 00 00 00 bb 
5a 11 0b 02 ee 00 00 01 00 0a b5 00 00 00 00 00 00 00 00 05 
5a 11 0c 03 20 00 00 01 00 09 72 00 00 00 00 00 00 00 00 55 
5a 11 0d 03 52 00 00 01 00 01 05 00 00 00 00 00 00 00 00 a5 
5a 11 0e 03 8e 00 00 01 00 06 61 00 00 00 00 00 00 00 00 d6 
5a 11 0f 03 a2 00 00 01 00 0d 4d 00 00 00 00 00 00 00 00 ad 
5a 11 10 03 ca 00 00 01 00 0c 46 00 00 00 00 00 00 00 00 c7 
5a 11 11 04 2e 00 00 01 00 38 7a 00 00 00 00 00 00 00 00 e1 
5a 11 12 04 b0 00 00 01 00 1b 7a 00 00 00 00 00 00 00 00 0c 
5a 11 13 05 14 00 00 01 00 2f 68 00 00 00 00 00 00 00 00 78 
