5a 11 01 00 d2 00 00 01 00 00 00 00 00 00 00 00 00 00 00 18 
5a 11 02 00 fe 00 00 01 00 00 00 00 00 00 00 00 00 00 00 a1 
5a 11 03 01 13 00 00 01 00 00 00 00 00 00 00 00 00 00 00 31 
5a 11 04 01 95 00 00 01 00 00 00 00 00 00 00 00 00 00 00 ad 
5a 11 05 01 c2 00 00 01 00 02 53 00 00 00 00 00 00 00 00 87 
5a 11 06 01 f9 00 00 01 00 00 00 00 00 00 00 00 00 00 00 99 
5a 11 07 02 30 00 00 01 00 00 00 00 00 00 00 00 00 00 00 15 
5a 11 08 02 58 00 00 01 00 00 00 00 00 00 00 00 00 00 00 bd 
5a 11 09 02 85 00 00 01 00 02 19 00 00 00 00 00 00 00 00 61 
5a 11 0a 02 a8 00 00 01 00 02 d6 00 00 00 00 00 00 00 00 ea 
5a 11 0b 02 ee 00 00 01 00 0d bb 00 00 00 00 00 00 00 00 ca 
5a 11 0c 03 20 00 00 01 00 0b 23 00 00 00 00 00 00 00 00 63 
5a 11 0d 03 52 00 00 01 00 01 7b 00 00 00 00 00 00 00 00 e7 
5a 11 0e 03 8e 00 00 01 00 07 76 00 00 00 00 00 00 00 00 53 
5a 11 0f 03 a2 00 00 01 00 0f 37 00 00 00 00 00 00 00 00 dc 
5a 11 10 03 ca 00 00 01 00 0e 53 00 00 00 00 00 00 00 00 08 
5a 11 11 04 2e 00 00 01 00 3a 2a 00 00 00 00 00 00 00 00 ae 
5a 11 12 04 b0 00 00 01 00 1e 79 00 00 00 00 00 00 00 00 48 
5a 11 13 05 14 00 00 01 00 2f 2b 00 00 00 00 00 00 00 00 e9 
